5.407324578030716644e-01
4.991949164733386346e-01
4.391347062584547434e-01
4.064196997762875019e-01
3.257194682078264347e-01
3.107775242029982565e-01
5.642040170473894278e-01
5.046523480458739996e-01
5.035417603221133964e-01
5.021828275325467272e-01
5.025175479609654827e-01
5.017205121302757975e-01
5.017317413996578157e-01
5.006565869301238259e-01
5.014355387020161814e-01
5.008816458364625523e-01
5.006489705063035256e-01
5.012072144630633774e-01
5.006718031535567492e-01
4.997540790372282937e-01
5.028881423765637626e-01
5.009972885793485542e-01
5.009031330396838122e-01
5.006979134181072100e-01
5.007584884730855723e-01
5.005433857440948486e-01
5.007901475854552586e-01
5.005226789213860217e-01
5.010529132579838452e-01
5.008034816518329713e-01
