2.725131631184696257e-01
2.480531570200491254e-01
2.060947230592274360e-01
2.084628424310071559e-01
1.653674664633942859e-01
1.448973786859619473e-01
2.240994760978017586e-01
2.536910556145092199e-01
2.525793328657905956e-01
2.516514459341700483e-01
2.511499831871761845e-01
2.515816279473601091e-01
2.508118690591807920e-01
2.495577605620696582e-01
2.517845018804711343e-01
2.503376624983689736e-01
2.506745810076052017e-01
2.517304175734775273e-01
2.509361124204619320e-01
2.510993320981491084e-01
2.523521700239794163e-01
2.503826842828787425e-01
2.509123998548540291e-01
2.506057866061269790e-01
2.506386381145207509e-01
2.504414545743062215e-01
2.512145287794015358e-01
2.501191977706659908e-01
2.516480666890389406e-01
2.511556243934774391e-01
