2.682192946846020387e-01
2.511417594532895370e-01
2.330399831992272797e-01
1.979568573452803459e-01
1.603520017444321766e-01
1.658801455170362815e-01
3.401045409495876415e-01
2.509612924313647242e-01
2.509624274563228008e-01
2.505313815983766235e-01
2.513675647737892982e-01
2.501388841829156884e-01
2.509198723404770237e-01
2.510988263680541954e-01
2.496510368215450748e-01
2.505439833380935788e-01
2.499743894986983794e-01
2.494767968895859056e-01
2.497356907330947895e-01
2.486547469390791576e-01
2.505359723525843463e-01
2.506146042964698673e-01
2.499907331848297554e-01
2.500921268119801755e-01
2.501198503585648214e-01
2.501019311697886272e-01
2.495756188060537784e-01
2.504034811507200309e-01
2.494048465689448768e-01
2.496478572583555877e-01
