2.738631155333886569e-01
2.714619538736802729e-01
3.853313915224095831e-01
4.169247948446927476e-01
5.353444083902897388e-01
5.409209311518985430e-01
3.536654178858824604e-01
2.563603812992190090e-01
2.533517555359599549e-01
2.535030909951545008e-01
2.522832652198936376e-01
2.511852273689602622e-01
2.511422029303534420e-01
2.528042768225935433e-01
2.510328520831255350e-01
2.519455955421643911e-01
2.530921024033038202e-01
2.507504095708277259e-01
2.523555520132215735e-01
2.533397319261981862e-01
2.516567986578195915e-01
2.508571040866461876e-01
2.508252983398304714e-01
2.508761279715715498e-01
2.515776938493552994e-01
2.519480059405976302e-01
2.502105617995435960e-01
2.506580464302600175e-01
2.499268049059128471e-01
2.499099242674462096e-01
