1.304168335505173859e+00 0.000000000000000000e+00
1.302823567650919667e+00 0.000000000000000000e+00
1.288940139858880007e+00 0.000000000000000000e+00
1.299510642491929602e+00 0.000000000000000000e+00
1.257491259294056363e+00 0.000000000000000000e+00
1.285711070775343634e+00 0.000000000000000000e+00
1.278418331299074895e+00 0.000000000000000000e+00
1.289452958546553063e+00 0.000000000000000000e+00
1.270536976691729381e+00 0.000000000000000000e+00
1.309625330072912375e+00 0.000000000000000000e+00
