1.654608557169434391e-01 8.662449107839831353e-02 6.124633694242167387e-02 0.000000000000000000e+00 0.000000000000000000e+00 0.000000000000000000e+00
2.993315199101996907e-02 3.221925449064090563e-02 4.761566070807415202e-02 0.000000000000000000e+00 0.000000000000000000e+00 0.000000000000000000e+00
3.077360730952611451e-02 4.575356504198468260e-02 3.518924379590056273e-02 0.000000000000000000e+00 0.000000000000000000e+00 0.000000000000000000e+00
2.614507015151775957e-02 4.042337789504246021e-02 4.825773058584210268e-02 0.000000000000000000e+00 0.000000000000000000e+00 0.000000000000000000e+00
3.645678527848485173e-02 1.015915989094773875e-01 7.883205105452871508e-02 0.000000000000000000e+00 0.000000000000000000e+00 0.000000000000000000e+00
5.113623035985917498e-02 3.319479851025119305e-02 5.667056128789740160e-02 0.000000000000000000e+00 0.000000000000000000e+00 0.000000000000000000e+00
3.896774534958469954e-02 2.440770271168488451e-02 6.682297052244264013e-02 0.000000000000000000e+00 0.000000000000000000e+00 0.000000000000000000e+00
3.793496221916294042e-02 4.466325453834092685e-02 5.861203627218378176e-02 0.000000000000000000e+00 0.000000000000000000e+00 0.000000000000000000e+00
2.811604866839675226e-02 2.964215852716439031e-02 4.175073775886470329e-02 0.000000000000000000e+00 0.000000000000000000e+00 0.000000000000000000e+00
6.076967084646654749e-02 7.229555488509277483e-02 5.431036787133144972e-02 0.000000000000000000e+00 0.000000000000000000e+00 0.000000000000000000e+00
