5.467635699621614664e-01
5.082501413129126844e-01
4.983662758381514624e-01
4.022476566073981408e-01
3.145171613123355914e-01
3.947284898583077184e-01
6.473997087164021780e-01
5.032363616297025333e-01
4.995146975144584278e-01
5.026650723285287503e-01
5.018771977923667249e-01
5.020994434743417667e-01
5.012152604678968837e-01
5.011373217949519621e-01
5.013455528710076825e-01
5.008893289007007033e-01
5.008095920851705074e-01
5.007707254853442924e-01
5.006915118218233651e-01
5.006712037088784095e-01
5.007127680570461203e-01
5.006586372597059409e-01
5.006199345886068741e-01
5.003480291596316132e-01
5.005435709556369517e-01
5.004656326496371710e-01
5.003804355317316155e-01
5.008538207258605990e-01
5.012895230052302198e-01
5.032356894182188345e-01
