2.754136271439732164e-01
2.549504244129713881e-01
2.485901726134584211e-01
1.913913586585756499e-01
1.852092197687391084e-01
1.575856317129839534e-01
1.864985546109124981e-01
2.525396765841916857e-01
2.491743736272195031e-01
2.509341031249125997e-01
2.506192015918725646e-01
2.516847954827661771e-01
2.503090768382431608e-01
2.495648096568834629e-01
2.513898859953216380e-01
2.504073904879088319e-01
2.507287761639221402e-01
2.508567310949464391e-01
2.503854580048064937e-01
2.507798783241809160e-01
2.501346183825100544e-01
2.502268417010470869e-01
2.504486829935866354e-01
2.502739873477427546e-01
2.499209720904617682e-01
2.501221796302264266e-01
2.504440513170250737e-01
2.504298148369635824e-01
2.515674544223115427e-01
2.550458685201802411e-01
