2.713499428181883055e-01
2.532997168999412407e-01
2.497761032246930690e-01
2.108562979488224631e-01
1.293079415435964552e-01
2.371428581453237650e-01
4.609011541054897076e-01
2.506966850455108475e-01
2.503403238872389247e-01
2.517309692036160951e-01
2.512579962004941603e-01
2.504146479915755896e-01
2.509061836296536674e-01
2.515725121380685270e-01
2.499556668756860722e-01
2.504819384127919268e-01
2.500808159212484227e-01
2.499139943903978256e-01
2.503060538170169269e-01
2.498913253846975213e-01
2.505781496745360659e-01
2.504317955586588540e-01
2.501712515950202942e-01
2.500740418118889141e-01
2.506225988651751280e-01
2.503434530194106888e-01
2.499363842147065418e-01
2.504240058888970166e-01
2.497220685829187048e-01
2.481898208980386766e-01
