2.733384131491822244e-01
2.547155603032550952e-01
2.615870349827109087e-01
4.010345186934481387e-01
5.559131293148759090e-01
5.159924427561892735e-01
4.615898283330097662e-01
2.559040633112000807e-01
2.581355192038435886e-01
2.523904879770901832e-01
2.519833693954878218e-01
2.507332983153535144e-01
2.509928163803109014e-01
2.518316751597269865e-01
2.499476699617230735e-01
2.505998652292778517e-01
2.503316244648917110e-01
2.500213889417097213e-01
2.505389470168303823e-01
2.501927863096526927e-01
2.508984568989506836e-01
2.505781960691578769e-01
2.501938718129786965e-01
2.502477626601429250e-01
2.507110199306710752e-01
2.504910115447748775e-01
2.503877603139816332e-01
2.508735097545883308e-01
2.503191180032632301e-01
2.493168883488316168e-01
