1.313873167778365270e+00 0.000000000000000000e+00
5.748795583185553060e-01 0.000000000000000000e+00
1.246392623401832545e+00 0.000000000000000000e+00
1.276480856963973398e+00 0.000000000000000000e+00
1.252664214153869304e+00 0.000000000000000000e+00
1.258234544211942696e+00 0.000000000000000000e+00
1.249450139345414712e+00 0.000000000000000000e+00
1.297861728618864063e+00 0.000000000000000000e+00
1.271299197789561575e+00 0.000000000000000000e+00
1.309786379111180121e+00 0.000000000000000000e+00
