8.973859645852585998e-02 1.002326481310334000e-01 5.429701681110042644e-02 0.000000000000000000e+00 0.000000000000000000e+00 0.000000000000000000e+00
4.508067395731792382e-01 1.386543462557248974e-01 1.386654765322426763e-01 0.000000000000000000e+00 0.000000000000000000e+00 0.000000000000000000e+00
4.938956033681093233e-02 2.653639542270180493e-02 5.028659564533275589e-02 0.000000000000000000e+00 0.000000000000000000e+00 0.000000000000000000e+00
4.370424073342674826e-02 4.437464971422989957e-02 4.661630009476637471e-02 0.000000000000000000e+00 0.000000000000000000e+00 0.000000000000000000e+00
6.042694476838664924e-02 4.656202138150604408e-02 3.707564296089007477e-02 0.000000000000000000e+00 0.000000000000000000e+00 0.000000000000000000e+00
1.743621844710241744e-02 3.963614043879654103e-02 5.083161334094430522e-02 0.000000000000000000e+00 0.000000000000000000e+00 0.000000000000000000e+00
2.880709722536326650e-02 2.106203960998296806e-02 7.103524858851757717e-02 0.000000000000000000e+00 0.000000000000000000e+00 0.000000000000000000e+00
2.833007840275265921e-02 4.142795922509094619e-02 4.819097173410163276e-02 0.000000000000000000e+00 0.000000000000000000e+00 0.000000000000000000e+00
7.103691938395245709e-02 3.892334362276011345e-02 4.264307761250742124e-02 0.000000000000000000e+00 0.000000000000000000e+00 0.000000000000000000e+00
3.824814282935182219e-02 3.247487808946852156e-02 5.398049046773052695e-02 0.000000000000000000e+00 0.000000000000000000e+00 0.000000000000000000e+00
